4294967279,109
4294967279,108
4294967279,107
4294967279,106
4294967279,105
4294967279,103
4294967279,96
4294967278,386
4294967278,229
4294967278,225
4294967278,332
4294967278,324
4294967278,325
4294967278,322
4294967278,323
4294967278,25
4294967278,24
4294967278,23
4294967278,22
4294967278,21
4294967278,20
4294967278,19
4294967278,18
4294967278,17
4294967278,16
4294967278,15
4294967278,14
4294967278,13
4294967278,12
4294967278,11
4294967278,10
4294967278,9
4294967278,8
4294967278,7
4294967278,6
4294967278,5
4294967278,4
4294967279,132
4294967279,131
4294967279,130
4294967279,129
4294967279,128
4294967279,127
4294967279,126
4294967279,125
4294967279,124
4294967279,123
4294967279,122
4294967279,121
4294967279,120
4294967279,119
4294967279,118
4294967279,117
4294967279,116
4294967279,115
4294967279,114
4294967279,113
4294967279,112
4294967279,111
4294967279,110
4294967279,316
4294967279,314
4294967279,313
4294967279,312
4294967279,178
4294967278,177
4294967294,61
4294967278,176
4294967279,175
4294967278,173
4294967278,172
4294967279,172
4294967279,170
4294967278,169
4294967278,168
4294967278,167
4294967279,167
4294967279,166
4294967278,165
4294967279,165
4294967278,164
4294967279,164
4294967278,163
4294967279,163
4294967278,162
4294967279,162
4294967279,161
4294967278,373
4294967294,436
4294967279,536
4294967279,147
4294967279,288
165,5
165,4
165,3
165,2
165,1
4294967279,550
4294967279,141
4294967279,140
4294967278,138
4294967294,170
4294967294,1008
163,4
163,3
163,2
163,1
4294967278,133
4294967279,269
162,6
4294967279,267
4294967278,286
162,5
162,4
162,3
162,2
162,1
4294967279,261
4294967278,267
161,5
4294967279,275
4294967278,345
4294967279,258
161,4
161,3
161,2
161,1
4294967279,281
4294967278,343
4294967278,339
160,5
160,4
160,3
160,2
160,1
4294967294,178
4294967294,1172
4294967294,410
4294967294,399
4294967279,516
159,5
4294967279,250
4294967278,253
159,4
159,3
159,2
159,1
4294967278,250
4294967279,246
4294967279,244
4294967279,241
4294967279,333
4294967279,325
4294967279,332
4294967278,216
4294967279,331
4294967279,317
4294967278,327
4294967278,326
4294967279,204
4294967278,366
4294967279,549
4294967279,309
4294967278,318
156,5
156,4
156,3
156,2
156,1
4294967278,189
4294967278,314
4294967294,1015
4294967278,183
4294967278,182
154,4
154,3
154,2
154,1
4294967278,180
4294967278,179
4294967279,566
153,6
4294967278,175
4294967279,177
4294967279,176
153,5
153,4
153,3
153,2
153,1
4294967279,563
4294967278,377
152,5
152,4
152,3
152,2
152,1
4294967279,295
4294967278,301
4294967279,159
4294967278,158
4294967278,157
151,5
4294967279,157
151,4
4294967278,156
151,3
151,2
151,1
4294967279,155
4294967279,529
4294967278,297
150,5
4294967278,151
4294967279,150
4294967278,150
150,4
4294967279,149
150,3
150,2
150,1
4294967278,149
4294967279,148
4294967278,147
4294967279,559
4294967278,146
4294967279,144
4294967278,398
4294967278,292
4294967279,308
4294967278,291
4294967278,271
4294967294,408
4294967294,406
4294967294,398
4294967294,175
4294967294,184
4294967294,467
4294967294,119
4294967278,397
4294967279,137
4294967294,114
4294967279,526
4294967279,268
4294967278,273
4294967279,279
4294967279,530
4294967278,396
4294967278,281
4294967279,273
4294967279,525
4294967278,352
4294967279,274
4294967278,344
4294967278,279
4294967279,327
4294967278,340
4294967278,256
4294967278,255
4294967278,383
4294967278,260
4294967278,174
4294967278,60
4294967278,59
4294967278,58
4294967278,57
4294967278,56
4294967278,55
4294967278,54
4294967278,53
4294967278,52
4294967278,51
4294967278,50
4294967278,49
4294967278,48
4294967278,47
4294967278,46
4294967278,45
4294967278,44
4294967278,43
4294967278,42
4294967278,41
4294967278,40
4294967278,39
4294967278,38
4294967278,37
4294967278,36
4294967278,35
4294967278,34
4294967278,33
4294967278,32
4294967278,31
4294967278,30
4294967278,29
4294967278,28
4294967278,27
4294967278,26
4294967279,174
4294967279,545
4294967279,82
4294967279,81
4294967279,80
4294967279,79
4294967279,78
4294967279,77
4294967279,75
4294967279,74
4294967279,73
4294967279,72
4294967279,70
4294967279,68
4294967279,67
4294967279,66
4294967279,65
4294967279,62
4294967279,60
4294967279,59
4294967279,58
4294967279,56
4294967279,54
4294967279,52
4294967279,51
4294967279,48
4294967279,47
4294967279,46
4294967279,44
4294967279,43
4294967279,42
4294967279,41
4294967279,40
4294967279,39
4294967279,38
4294967279,36
4294967279,34
4294967279,32
4294967279,30
4294967279,26
4294967279,25
4294967279,24
4294967279,23
4294967279,22
4294967279,19
4294967279,18
4294967279,16
4294967279,15
4294967279,14
4294967279,13
4294967279,12
4294967279,11
4294967279,10
4294967294,18
4294967294,127
4294967294,14
4294967294,126
4294967294,20
4294967294,13
4294967294,1088
4294967294,995
4294967294,10
4294967294,1090
4294967294,1089
4294967294,1013
4294967294,1011
4294967294,1005
4294967294,1001
4294967294,998
4294967294,996
4294967294,391
4294967294,163
4294967294,161
4294967278,395
4294967279,572
4294967278,252
147,5
147,4
147,3
147,2
147,1
4294967294,1419
4294967278,236
4294967279,233
4294967279,231
145,4
4294967278,230
145,3
145,2
145,1
4294967279,229
4294967278,228
4294967278,222
4294967279,225
4294967279,226
4294967279,223
144,6
4294967279,217
4294967278,220
4294967278,221
4294967279,218
4294967278,218
144,5
4294967279,551
144,4
4294967278,213
144,3
144,2
144,1
4294967279,213
4294967278,212
4294967279,212
4294967278,209
143,5
4294967279,208
143,4
143,3
143,2
143,1
4294967278,206
4294967279,206
4294967279,200
4294967279,197
4294967279,199
142,5
4294967278,198
142,4
4294967279,198
142,3
142,2
142,1
4294967279,546
4294967278,197
4294967278,196
4294967278,319
4294967279,544
141,5
4294967279,192
141,4
141,3
141,2
141,1
4294967279,191
4294967294,387
4294967294,1007
4294967294,393
4294967278,385
4294967279,185
4294967279,330
4294967278,184
4294967294,468
4294967278,358
4294967279,324
4294967279,303
4294967279,304
4294967278,389
4294967278,379
4294967279,173
4294967278,171
4294967279,169
4294967279,171
4294967278,170
4294967279,561
